----Chamado STAFSIS-144017
call bethadba.pg_habilitartriggers('off'); commit;

----Apaga Histórico de movimentação (só tem tipo 11, depreciação)
delete from bethadba.hist_bens_contas
where i_bem in (1403,1161,970,980,990,971,981,991,972,982,992,973,983,993,974,984,994,975,985,995,976,986,996,977,987,
997,968,978,988,998,969,979,989,999,1000,1010,1020,1030,1040,1050,1060,1070,1080,1090,1001,1011,1021,1031,1041,1051,
1061,1071,1081,1091,1002,1012,1022,1032,1042,1052,1062,1072,1082,1092,1003,1013,1023,1033,1043.1053,1063,1073,1083,1004,
1014,1024,1034,1044,1054,1064,1074,1084,1094,1005,1015,1025,1035,1045,1055,1065,1075,1085,1095,1006,1016,1026,1036,1046,
1056,1066,1076,1086,1096,1007,1017,1027,1037,1047,1057,1067,1077,1087,1097,1008,1018,1028,1038,1048,1058,960,911,951,961,
912,952,962,913,953,963,914,954,964,915,955,965,916,956,966,917,914,957,908,948,958,909,949,959,740,737,738,739,736,923,
967,845,846,842,843,844,906,700,698,1323,1400,1350,1360,1370,1380,1390,1401,1351,1361,1371,1381,1391,1402,1342,1352,1362,
1372,1382,1392,1343,1353,1363,1373,1383,1393,1344,1354,1364,1374,1384,1394,1345,1355,1365,1375,1385,1395,1346,1356,1366,
1376,1386,1396,1347,1357,1367,1377,1387,1397,1348,1358,1368,1378,1388,1398,1349,1359,1369,1379,1389,1399,1185,1322,1330,
1340,1331,1341,1332,1333,1324,1334,1325,1335,1326,1336,1327,1337,1328,1338,1329,1339,1200,1210,1220,1230,1190,1201,1211,
1221,1231,1191,1202,1212,1222,1232,1192,1203,1213,1223,1233,1193,1204,1214,1224,11941205,1215,1225,1195,1206,1216,1226,
1186,1196,1207,1217,1227,1187,1197,1208,1218,1228,1188,1198,1209,1219,1229,1189,1199,1199,1170,1180,1171,1181,1172,1182,
1173,1183,1174,1184,1175,1176,1177,1178,1169,1179,1478,1479,1300,1310,1320,1240,1260,1270,1280,1290,1301,1311,1321,1241,
1251,1261,1271,1281,1291,1302,1312,1242,1252,1262,1272,1282,1292,1303,1313,1243,1253,1263,1273,1283,1293,1304,1314,1234,
1244,1254,1264,1274,12841294,1305,1315,1335,1245,1255,1265,1275,1285,1295,1306,1316,1236,1246,1256,1266,1276,1286,1296,
1307,1317,1237,1247,1257,1267,1277,1287,1297,1308,1318,1238,1248,1258,1268,1278,1288,1298,1309,1319,1239,1249,1259,1269,
1279,1289,1299,1451,1410,1411,1407,1408,1409,1438,1420,1406,1432,1431.1468,1471,3979,3978,1469)
and data_mov >= 19980214
and tipo <> 1;

----Apaga Baixas
delete from bethadba.baixas
where i_bem in (1403,1161,970,980,990,971,981,991,972,982,992,973,983,993,974,984,994,975,985,995,976,986,996,977,987,
997,968,978,988,998,969,979,989,999,1000,1010,1020,1030,1040,1050,1060,1070,1080,1090,1001,1011,1021,1031,1041,1051,
1061,1071,1081,1091,1002,1012,1022,1032,1042,1052,1062,1072,1082,1092,1003,1013,1023,1033,1043.1053,1063,1073,1083,1004,
1014,1024,1034,1044,1054,1064,1074,1084,1094,1005,1015,1025,1035,1045,1055,1065,1075,1085,1095,1006,1016,1026,1036,1046,
1056,1066,1076,1086,1096,1007,1017,1027,1037,1047,1057,1067,1077,1087,1097,1008,1018,1028,1038,1048,1058,960,911,951,961,
912,952,962,913,953,963,914,954,964,915,955,965,916,956,966,917,914,957,908,948,958,909,949,959,740,737,738,739,736,923,
967,845,846,842,843,844,906,700,698,1323,1400,1350,1360,1370,1380,1390,1401,1351,1361,1371,1381,1391,1402,1342,1352,1362,
1372,1382,1392,1343,1353,1363,1373,1383,1393,1344,1354,1364,1374,1384,1394,1345,1355,1365,1375,1385,1395,1346,1356,1366,
1376,1386,1396,1347,1357,1367,1377,1387,1397,1348,1358,1368,1378,1388,1398,1349,1359,1369,1379,1389,1399,1185,1322,1330,
1340,1331,1341,1332,1333,1324,1334,1325,1335,1326,1336,1327,1337,1328,1338,1329,1339,1200,1210,1220,1230,1190,1201,1211,
1221,1231,1191,1202,1212,1222,1232,1192,1203,1213,1223,1233,1193,1204,1214,1224,11941205,1215,1225,1195,1206,1216,1226,
1186,1196,1207,1217,1227,1187,1197,1208,1218,1228,1188,1198,1209,1219,1229,1189,1199,1199,1170,1180,1171,1181,1172,1182,
1173,1183,1174,1184,1175,1176,1177,1178,1169,1179,1478,1479,1300,1310,1320,1240,1260,1270,1280,1290,1301,1311,1321,1241,
1251,1261,1271,1281,1291,1302,1312,1242,1252,1262,1272,1282,1292,1303,1313,1243,1253,1263,1273,1283,1293,1304,1314,1234,
1244,1254,1264,1274,12841294,1305,1315,1335,1245,1255,1265,1275,1285,1295,1306,1316,1236,1246,1256,1266,1276,1286,1296,
1307,1317,1237,1247,1257,1267,1277,1287,1297,1308,1318,1238,1248,1258,1268,1278,1288,1298,1309,1319,1239,1249,1259,1269,
1279,1289,1299,1451,1410,1411,1407,1408,1409,1438,1420,1406,1432,1431.1468,1471,3979,3978,1469)
and data_baixa >= 19980214;

----Apaga transferências
delete from bethadba.localizacoes
where i_bem in (1403,1161,970,980,990,971,981,991,972,982,992,973,983,993,974,984,994,975,985,995,976,986,996,977,987,
997,968,978,988,998,969,979,989,999,1000,1010,1020,1030,1040,1050,1060,1070,1080,1090,1001,1011,1021,1031,1041,1051,
1061,1071,1081,1091,1002,1012,1022,1032,1042,1052,1062,1072,1082,1092,1003,1013,1023,1033,1043.1053,1063,1073,1083,1004,
1014,1024,1034,1044,1054,1064,1074,1084,1094,1005,1015,1025,1035,1045,1055,1065,1075,1085,1095,1006,1016,1026,1036,1046,
1056,1066,1076,1086,1096,1007,1017,1027,1037,1047,1057,1067,1077,1087,1097,1008,1018,1028,1038,1048,1058,960,911,951,961,
912,952,962,913,953,963,914,954,964,915,955,965,916,956,966,917,914,957,908,948,958,909,949,959,740,737,738,739,736,923,
967,845,846,842,843,844,906,700,698,1323,1400,1350,1360,1370,1380,1390,1401,1351,1361,1371,1381,1391,1402,1342,1352,1362,
1372,1382,1392,1343,1353,1363,1373,1383,1393,1344,1354,1364,1374,1384,1394,1345,1355,1365,1375,1385,1395,1346,1356,1366,
1376,1386,1396,1347,1357,1367,1377,1387,1397,1348,1358,1368,1378,1388,1398,1349,1359,1369,1379,1389,1399,1185,1322,1330,
1340,1331,1341,1332,1333,1324,1334,1325,1335,1326,1336,1327,1337,1328,1338,1329,1339,1200,1210,1220,1230,1190,1201,1211,
1221,1231,1191,1202,1212,1222,1232,1192,1203,1213,1223,1233,1193,1204,1214,1224,11941205,1215,1225,1195,1206,1216,1226,
1186,1196,1207,1217,1227,1187,1197,1208,1218,1228,1188,1198,1209,1219,1229,1189,1199,1199,1170,1180,1171,1181,1172,1182,
1173,1183,1174,1184,1175,1176,1177,1178,1169,1179,1478,1479,1300,1310,1320,1240,1260,1270,1280,1290,1301,1311,1321,1241,
1251,1261,1271,1281,1291,1302,1312,1242,1252,1262,1272,1282,1292,1303,1313,1243,1253,1263,1273,1283,1293,1304,1314,1234,
1244,1254,1264,1274,12841294,1305,1315,1335,1245,1255,1265,1275,1285,1295,1306,1316,1236,1246,1256,1266,1276,1286,1296,
1307,1317,1237,1247,1257,1267,1277,1287,1297,1308,1318,1238,1248,1258,1268,1278,1288,1298,1309,1319,1239,1249,1259,1269,
1279,1289,1299,1451,1410,1411,1407,1408,1409,1438,1420,1406,1432,1431.1468,1471,3979,3978,1469)
and data_transf >= 19980214;

----Apaga Reavaliações
delete from bethadba.reav_bens
where i_bem in (1403,1161,970,980,990,971,981,991,972,982,992,973,983,993,974,984,994,975,985,995,976,986,996,977,987,
997,968,978,988,998,969,979,989,999,1000,1010,1020,1030,1040,1050,1060,1070,1080,1090,1001,1011,1021,1031,1041,1051,
1061,1071,1081,1091,1002,1012,1022,1032,1042,1052,1062,1072,1082,1092,1003,1013,1023,1033,1043.1053,1063,1073,1083,1004,
1014,1024,1034,1044,1054,1064,1074,1084,1094,1005,1015,1025,1035,1045,1055,1065,1075,1085,1095,1006,1016,1026,1036,1046,
1056,1066,1076,1086,1096,1007,1017,1027,1037,1047,1057,1067,1077,1087,1097,1008,1018,1028,1038,1048,1058,960,911,951,961,
912,952,962,913,953,963,914,954,964,915,955,965,916,956,966,917,914,957,908,948,958,909,949,959,740,737,738,739,736,923,
967,845,846,842,843,844,906,700,698,1323,1400,1350,1360,1370,1380,1390,1401,1351,1361,1371,1381,1391,1402,1342,1352,1362,
1372,1382,1392,1343,1353,1363,1373,1383,1393,1344,1354,1364,1374,1384,1394,1345,1355,1365,1375,1385,1395,1346,1356,1366,
1376,1386,1396,1347,1357,1367,1377,1387,1397,1348,1358,1368,1378,1388,1398,1349,1359,1369,1379,1389,1399,1185,1322,1330,
1340,1331,1341,1332,1333,1324,1334,1325,1335,1326,1336,1327,1337,1328,1338,1329,1339,1200,1210,1220,1230,1190,1201,1211,
1221,1231,1191,1202,1212,1222,1232,1192,1203,1213,1223,1233,1193,1204,1214,1224,11941205,1215,1225,1195,1206,1216,1226,
1186,1196,1207,1217,1227,1187,1197,1208,1218,1228,1188,1198,1209,1219,1229,1189,1199,1199,1170,1180,1171,1181,1172,1182,
1173,1183,1174,1184,1175,1176,1177,1178,1169,1179,1478,1479,1300,1310,1320,1240,1260,1270,1280,1290,1301,1311,1321,1241,
1251,1261,1271,1281,1291,1302,1312,1242,1252,1262,1272,1282,1292,1303,1313,1243,1253,1263,1273,1283,1293,1304,1314,1234,
1244,1254,1264,1274,12841294,1305,1315,1335,1245,1255,1265,1275,1285,1295,1306,1316,1236,1246,1256,1266,1276,1286,1296,
1307,1317,1237,1247,1257,1267,1277,1287,1297,1308,1318,1238,1248,1258,1268,1278,1288,1298,1309,1319,1239,1249,1259,1269,
1279,1289,1299,1451,1410,1411,1407,1408,1409,1438,1420,1406,1432,1431.1468,1471,3979,3978,1469)
and data_reav_bem >= 19980214;

----Apaga Depreciações
delete from bethadba.depreciacoes
where i_bem in (1403,1161,970,980,990,971,981,991,972,982,992,973,983,993,974,984,994,975,985,995,976,986,996,977,987,
997,968,978,988,998,969,979,989,999,1000,1010,1020,1030,1040,1050,1060,1070,1080,1090,1001,1011,1021,1031,1041,1051,
1061,1071,1081,1091,1002,1012,1022,1032,1042,1052,1062,1072,1082,1092,1003,1013,1023,1033,1043.1053,1063,1073,1083,1004,
1014,1024,1034,1044,1054,1064,1074,1084,1094,1005,1015,1025,1035,1045,1055,1065,1075,1085,1095,1006,1016,1026,1036,1046,
1056,1066,1076,1086,1096,1007,1017,1027,1037,1047,1057,1067,1077,1087,1097,1008,1018,1028,1038,1048,1058,960,911,951,961,
912,952,962,913,953,963,914,954,964,915,955,965,916,956,966,917,914,957,908,948,958,909,949,959,740,737,738,739,736,923,
967,845,846,842,843,844,906,700,698,1323,1400,1350,1360,1370,1380,1390,1401,1351,1361,1371,1381,1391,1402,1342,1352,1362,
1372,1382,1392,1343,1353,1363,1373,1383,1393,1344,1354,1364,1374,1384,1394,1345,1355,1365,1375,1385,1395,1346,1356,1366,
1376,1386,1396,1347,1357,1367,1377,1387,1397,1348,1358,1368,1378,1388,1398,1349,1359,1369,1379,1389,1399,1185,1322,1330,
1340,1331,1341,1332,1333,1324,1334,1325,1335,1326,1336,1327,1337,1328,1338,1329,1339,1200,1210,1220,1230,1190,1201,1211,
1221,1231,1191,1202,1212,1222,1232,1192,1203,1213,1223,1233,1193,1204,1214,1224,11941205,1215,1225,1195,1206,1216,1226,
1186,1196,1207,1217,1227,1187,1197,1208,1218,1228,1188,1198,1209,1219,1229,1189,1199,1199,1170,1180,1171,1181,1172,1182,
1173,1183,1174,1184,1175,1176,1177,1178,1169,1179,1478,1479,1300,1310,1320,1240,1260,1270,1280,1290,1301,1311,1321,1241,
1251,1261,1271,1281,1291,1302,1312,1242,1252,1262,1272,1282,1292,1303,1313,1243,1253,1263,1273,1283,1293,1304,1314,1234,
1244,1254,1264,1274,12841294,1305,1315,1335,1245,1255,1265,1275,1285,1295,1306,1316,1236,1246,1256,1266,1276,1286,1296,
1307,1317,1237,1247,1257,1267,1277,1287,1297,1308,1318,1238,1248,1258,1268,1278,1288,1298,1309,1319,1239,1249,1259,1269,
1279,1289,1299,1451,1410,1411,1407,1408,1409,1438,1420,1406,1432,1431.1468,1471,3979,3978,1469)
and data_depr >= 19980214;

----Apaga Desuso
delete from bethadba.desusos
where i_bem in (1403,1161,970,980,990,971,981,991,972,982,992,973,983,993,974,984,994,975,985,995,976,986,996,977,987,
997,968,978,988,998,969,979,989,999,1000,1010,1020,1030,1040,1050,1060,1070,1080,1090,1001,1011,1021,1031,1041,1051,
1061,1071,1081,1091,1002,1012,1022,1032,1042,1052,1062,1072,1082,1092,1003,1013,1023,1033,1043.1053,1063,1073,1083,1004,
1014,1024,1034,1044,1054,1064,1074,1084,1094,1005,1015,1025,1035,1045,1055,1065,1075,1085,1095,1006,1016,1026,1036,1046,
1056,1066,1076,1086,1096,1007,1017,1027,1037,1047,1057,1067,1077,1087,1097,1008,1018,1028,1038,1048,1058,960,911,951,961,
912,952,962,913,953,963,914,954,964,915,955,965,916,956,966,917,914,957,908,948,958,909,949,959,740,737,738,739,736,923,
967,845,846,842,843,844,906,700,698,1323,1400,1350,1360,1370,1380,1390,1401,1351,1361,1371,1381,1391,1402,1342,1352,1362,
1372,1382,1392,1343,1353,1363,1373,1383,1393,1344,1354,1364,1374,1384,1394,1345,1355,1365,1375,1385,1395,1346,1356,1366,
1376,1386,1396,1347,1357,1367,1377,1387,1397,1348,1358,1368,1378,1388,1398,1349,1359,1369,1379,1389,1399,1185,1322,1330,
1340,1331,1341,1332,1333,1324,1334,1325,1335,1326,1336,1327,1337,1328,1338,1329,1339,1200,1210,1220,1230,1190,1201,1211,
1221,1231,1191,1202,1212,1222,1232,1192,1203,1213,1223,1233,1193,1204,1214,1224,11941205,1215,1225,1195,1206,1216,1226,
1186,1196,1207,1217,1227,1187,1197,1208,1218,1228,1188,1198,1209,1219,1229,1189,1199,1199,1170,1180,1171,1181,1172,1182,
1173,1183,1174,1184,1175,1176,1177,1178,1169,1179,1478,1479,1300,1310,1320,1240,1260,1270,1280,1290,1301,1311,1321,1241,
1251,1261,1271,1281,1291,1302,1312,1242,1252,1262,1272,1282,1292,1303,1313,1243,1253,1263,1273,1283,1293,1304,1314,1234,
1244,1254,1264,1274,12841294,1305,1315,1335,1245,1255,1265,1275,1285,1295,1306,1316,1236,1246,1256,1266,1276,1286,1296,
1307,1317,1237,1247,1257,1267,1277,1287,1297,1308,1318,1238,1248,1258,1268,1278,1288,1298,1309,1319,1239,1249,1259,1269,
1279,1289,1299,1451,1410,1411,1407,1408,1409,1438,1420,1406,1432,1431.1468,1471,3979,3978,1469)
and data_des >= 19980214;

----Apaga Incorporações e desincorporações (Caso exista. Nesses itens não tem)
delete from bethadba.incorporacoes
where i_bem in (1403,1161,970,980,990,971,981,991,972,982,992,973,983,993,974,984,994,975,985,995,976,986,996,977,987,
997,968,978,988,998,969,979,989,999,1000,1010,1020,1030,1040,1050,1060,1070,1080,1090,1001,1011,1021,1031,1041,1051,
1061,1071,1081,1091,1002,1012,1022,1032,1042,1052,1062,1072,1082,1092,1003,1013,1023,1033,1043.1053,1063,1073,1083,1004,
1014,1024,1034,1044,1054,1064,1074,1084,1094,1005,1015,1025,1035,1045,1055,1065,1075,1085,1095,1006,1016,1026,1036,1046,
1056,1066,1076,1086,1096,1007,1017,1027,1037,1047,1057,1067,1077,1087,1097,1008,1018,1028,1038,1048,1058,960,911,951,961,
912,952,962,913,953,963,914,954,964,915,955,965,916,956,966,917,914,957,908,948,958,909,949,959,740,737,738,739,736,923,
967,845,846,842,843,844,906,700,698,1323,1400,1350,1360,1370,1380,1390,1401,1351,1361,1371,1381,1391,1402,1342,1352,1362,
1372,1382,1392,1343,1353,1363,1373,1383,1393,1344,1354,1364,1374,1384,1394,1345,1355,1365,1375,1385,1395,1346,1356,1366,
1376,1386,1396,1347,1357,1367,1377,1387,1397,1348,1358,1368,1378,1388,1398,1349,1359,1369,1379,1389,1399,1185,1322,1330,
1340,1331,1341,1332,1333,1324,1334,1325,1335,1326,1336,1327,1337,1328,1338,1329,1339,1200,1210,1220,1230,1190,1201,1211,
1221,1231,1191,1202,1212,1222,1232,1192,1203,1213,1223,1233,1193,1204,1214,1224,11941205,1215,1225,1195,1206,1216,1226,
1186,1196,1207,1217,1227,1187,1197,1208,1218,1228,1188,1198,1209,1219,1229,1189,1199,1199,1170,1180,1171,1181,1172,1182,
1173,1183,1174,1184,1175,1176,1177,1178,1169,1179,1478,1479,1300,1310,1320,1240,1260,1270,1280,1290,1301,1311,1321,1241,
1251,1261,1271,1281,1291,1302,1312,1242,1252,1262,1272,1282,1292,1303,1313,1243,1253,1263,1273,1283,1293,1304,1314,1234,
1244,1254,1264,1274,12841294,1305,1315,1335,1245,1255,1265,1275,1285,1295,1306,1316,1236,1246,1256,1266,1276,1286,1296,
1307,1317,1237,1247,1257,1267,1277,1287,1297,1308,1318,1238,1248,1258,1268,1278,1288,1298,1309,1319,1239,1249,1259,1269,
1279,1289,1299,1451,1410,1411,1407,1408,1409,1438,1420,1406,1432,1431.1468,1471,3979,3978,1469)
and data_in_des >= 19980214;

----Insere baixas (se data de aquisição maior que data de corte, baixa = data de aquisição mais 1 dia)
insert into bethadba.baixas (
select number()+(select max(i_baixa) from bethadba.baixas),i_bem,5,if data_aquis >= 19980214 then dateadd(day,1,data_aquis) else 19980214 endif ,
'OBSOLETO',null,null,null,null,null,null,null,null,null,null,1,null,null,null
from bethadba.bens
where i_bem in (1403,1161,970,980,990,971,981,991,972,982,992,973,983,993,974,984,994,975,985,995,976,986,996,977,987,
997,968,978,988,998,969,979,989,999,1000,1010,1020,1030,1040,1050,1060,1070,1080,1090,1001,1011,1021,1031,1041,1051,
1061,1071,1081,1091,1002,1012,1022,1032,1042,1052,1062,1072,1082,1092,1003,1013,1023,1033,1043.1053,1063,1073,1083,1004,
1014,1024,1034,1044,1054,1064,1074,1084,1094,1005,1015,1025,1035,1045,1055,1065,1075,1085,1095,1006,1016,1026,1036,1046,
1056,1066,1076,1086,1096,1007,1017,1027,1037,1047,1057,1067,1077,1087,1097,1008,1018,1028,1038,1048,1058,960,911,951,961,
912,952,962,913,953,963,914,954,964,915,955,965,916,956,966,917,914,957,908,948,958,909,949,959,740,737,738,739,736,923,
967,845,846,842,843,844,906,700,698,1323,1400,1350,1360,1370,1380,1390,1401,1351,1361,1371,1381,1391,1402,1342,1352,1362,
1372,1382,1392,1343,1353,1363,1373,1383,1393,1344,1354,1364,1374,1384,1394,1345,1355,1365,1375,1385,1395,1346,1356,1366,
1376,1386,1396,1347,1357,1367,1377,1387,1397,1348,1358,1368,1378,1388,1398,1349,1359,1369,1379,1389,1399,1185,1322,1330,
1340,1331,1341,1332,1333,1324,1334,1325,1335,1326,1336,1327,1337,1328,1338,1329,1339,1200,1210,1220,1230,1190,1201,1211,
1221,1231,1191,1202,1212,1222,1232,1192,1203,1213,1223,1233,1193,1204,1214,1224,11941205,1215,1225,1195,1206,1216,1226,
1186,1196,1207,1217,1227,1187,1197,1208,1218,1228,1188,1198,1209,1219,1229,1189,1199,1199,1170,1180,1171,1181,1172,1182,
1173,1183,1174,1184,1175,1176,1177,1178,1169,1179,1478,1479,1300,1310,1320,1240,1260,1270,1280,1290,1301,1311,1321,1241,
1251,1261,1271,1281,1291,1302,1312,1242,1252,1262,1272,1282,1292,1303,1313,1243,1253,1263,1273,1283,1293,1304,1314,1234,
1244,1254,1264,1274,12841294,1305,1315,1335,1245,1255,1265,1275,1285,1295,1306,1316,1236,1246,1256,1266,1276,1286,1296,
1307,1317,1237,1247,1257,1267,1277,1287,1297,1308,1318,1238,1248,1258,1268,1278,1288,1298,1309,1319,1239,1249,1259,1269,
1279,1289,1299,1451,1410,1411,1407,1408,1409,1438,1420,1406,1432,1431.1468,1471,3979,3978,1469)
);

----Altera Flag de ativo no cadastro de bens
update bethadba.bens set situacao = 'B', uso = 'N'
where i_bem in (1403,1161,970,980,990,971,981,991,972,982,992,973,983,993,974,984,994,975,985,995,976,986,996,977,987,
997,968,978,988,998,969,979,989,999,1000,1010,1020,1030,1040,1050,1060,1070,1080,1090,1001,1011,1021,1031,1041,1051,
1061,1071,1081,1091,1002,1012,1022,1032,1042,1052,1062,1072,1082,1092,1003,1013,1023,1033,1043.1053,1063,1073,1083,1004,
1014,1024,1034,1044,1054,1064,1074,1084,1094,1005,1015,1025,1035,1045,1055,1065,1075,1085,1095,1006,1016,1026,1036,1046,
1056,1066,1076,1086,1096,1007,1017,1027,1037,1047,1057,1067,1077,1087,1097,1008,1018,1028,1038,1048,1058,960,911,951,961,
912,952,962,913,953,963,914,954,964,915,955,965,916,956,966,917,914,957,908,948,958,909,949,959,740,737,738,739,736,923,
967,845,846,842,843,844,906,700,698,1323,1400,1350,1360,1370,1380,1390,1401,1351,1361,1371,1381,1391,1402,1342,1352,1362,
1372,1382,1392,1343,1353,1363,1373,1383,1393,1344,1354,1364,1374,1384,1394,1345,1355,1365,1375,1385,1395,1346,1356,1366,
1376,1386,1396,1347,1357,1367,1377,1387,1397,1348,1358,1368,1378,1388,1398,1349,1359,1369,1379,1389,1399,1185,1322,1330,
1340,1331,1341,1332,1333,1324,1334,1325,1335,1326,1336,1327,1337,1328,1338,1329,1339,1200,1210,1220,1230,1190,1201,1211,
1221,1231,1191,1202,1212,1222,1232,1192,1203,1213,1223,1233,1193,1204,1214,1224,11941205,1215,1225,1195,1206,1216,1226,
1186,1196,1207,1217,1227,1187,1197,1208,1218,1228,1188,1198,1209,1219,1229,1189,1199,1199,1170,1180,1171,1181,1172,1182,
1173,1183,1174,1184,1175,1176,1177,1178,1169,1179,1478,1479,1300,1310,1320,1240,1260,1270,1280,1290,1301,1311,1321,1241,
1251,1261,1271,1281,1291,1302,1312,1242,1252,1262,1272,1282,1292,1303,1313,1243,1253,1263,1273,1283,1293,1304,1314,1234,
1244,1254,1264,1274,12841294,1305,1315,1335,1245,1255,1265,1275,1285,1295,1306,1316,1236,1246,1256,1266,1276,1286,1296,
1307,1317,1237,1247,1257,1267,1277,1287,1297,1308,1318,1238,1248,1258,1268,1278,1288,1298,1309,1319,1239,1249,1259,1269,
1279,1289,1299,1451,1410,1411,1407,1408,1409,1438,1420,1406,1432,1431.1468,1471,3979,3978,1469);

call bethadba.pg_habilitartriggers('on');
commit;